1.38535
0.462389
0.29084
0.217397
0.176612
0.150739
0.133448
0.121479
0.112701
0.106366
0.10167
0.0981213
0.095273
0.0928798
0.0908571
0.089135
0.087674
0.0864177
0.0853213
0.0843598
0.0835144
0.0827604
0.0820836
0.0814999
0.0809773
0.0805237
0.0801169
0.0797322
0.0793862
0.0790592
0.0787429
0.078446
0.0781655
0.0779056
0.0776785
0.0774663
0.0772711
0.0770948
0.076929
0.0767756
0.0766266
0.0764868
0.0763438
0.0762082
0.0760597
0.0759261
0.0757736
0.0756231
0.0754641
0.0752304
1.38535
0.460294
0.275223
0.19882
0.160055
0.136478
0.120303
0.10856
0.0997643
0.0929789
0.0875923
0.083251
0.0796884
0.0767255
0.0742548
0.0721813
0.0704213
0.0689225
0.067632
0.0665057
0.0655174
0.0646365
0.0638569
0.0631542
0.0625168
0.0619457
0.0614293
0.0609444
0.0604934
0.0600672
0.0596611
0.0592787
0.0589267
0.0586061
0.0583194
0.0580599
0.0578266
0.0576153
0.0574168
0.0572447
0.0570798
0.0569299
0.056784
0.0566391
0.0564808
0.0563371
0.0561934
0.0560664
0.0559293
0.0557646
1.38535
0.460294
0.275169
0.195848
0.15267
0.126925
0.110308
0.0988043
0.0903434
0.0838422
0.0786712
0.0744866
0.0710506
0.0681776
0.0657644
0.0637243
0.0619908
0.060505
0.0592175
0.0580937
0.0571041
0.056221
0.0554375
0.0547348
0.0540926
0.0535057
0.0529663
0.0524594
0.0519917
0.0515527
0.0511384
0.0507528
0.0503997
0.0500789
0.0497931
0.0495382
0.0493109
0.0491049
0.0489081
0.0487341
0.0485684
0.048417
0.0482678
0.0481232
0.0479677
0.0478262
0.0476852
0.0475604
0.0474235
0.0472522
1.38536
0.460287
0.27517
0.195812
0.15176
0.124112
0.105768
0.0931233
0.0840513
0.0772734
0.0720258
0.0678597
0.0644856
0.0616826
0.0593404
0.0573654
0.0556876
0.0542529
0.0530094
0.051922
0.050963
0.0501029
0.0493361
0.0486466
0.0480148
0.0474366
0.0469054
0.0464074
0.0459495
0.0455209
0.0451208
0.0447485
0.0444084
0.0440995
0.0438226
0.0435757
0.043357
0.0431584
0.0429684
0.0427994
0.042638
0.0424893
0.0423422
0.0421994
0.0420456
0.0419042
0.0417654
0.0416448
0.0415148
0.0413564
1.38595
0.460307
0.275163
0.19581
0.151723
0.123694
0.104471
0.0907788
0.080811
0.0733726
0.0676844
0.0632402
0.059691
0.0567855
0.0543894
0.0523948
0.0507158
0.0492834
0.0480536
0.0469876
0.0460463
0.0452078
0.0444602
0.0437907
0.0431766
0.0426166
0.042103
0.0416238
0.0411834
0.040774
0.0403917
0.0400364
0.03971
0.0394125
0.0391456
0.0389078
0.038698
0.0385067
0.038324
0.0381622
0.0380065
0.0378651
0.0377239
0.0375871
0.0374409
0.0373067
0.0371763
0.0370635
0.0369423
0.0367943
1.41003
0.460539
0.27515
0.195743
0.151815
0.123666
0.104244
0.0900752
0.0794782
0.0714171
0.0651868
0.0603108
0.0564356
0.0533121
0.0507467
0.0486276
0.0468635
0.0453775
0.0441105
0.0430153
0.0420674
0.041222
0.0404701
0.0398002
0.0391938
0.0386397
0.0381328
0.0376623
0.0372317
0.0368316
0.0364573
0.0361117
0.0357959
0.0355075
0.0352485
0.0350193
0.0348186
0.0346366
0.0344621
0.0343086
0.0341613
0.0340256
0.0338916
0.0337612
0.0336223
0.0334948
0.033371
0.0332643
0.0331498
0.0330122
1.34209
0.473325
0.274222
0.196201
0.151915
0.123389
0.1039
0.0901691
0.0790566
0.070582
0.0639458
0.0586366
0.0543843
0.0509888
0.0481783
0.0458697
0.0439536
0.042352
0.0409897
0.0398406
0.0388385
0.0379601
0.0371773
0.0364965
0.0358763
0.0353092
0.0347986
0.0343213
0.0338873
0.0334865
0.033113
0.0327688
0.0324588
0.0321762
0.031922
0.0316999
0.0315041
0.031326
0.0311567
0.0310072
0.0308652
0.0307344
0.0306055
0.0304815
0.0303486
0.0302269
0.0301097
0.0300085
0.0299014
0.0297719
1.22069
0.482789
0.264706
0.203259
0.149252
0.122587
0.103991
0.0904607
0.0796262
0.0705645
0.0634301
0.0576533
0.0532602
0.0494847
0.0464012
0.0438745
0.0418099
0.0400367
0.038575
0.0373192
0.0362887
0.0353361
0.034496
0.0337589
0.033096
0.0324971
0.0319627
0.0314664
0.0310211
0.0306205
0.0302374
0.0298999
0.0295819
0.0292926
0.0290361
0.0288096
0.0286124
0.0284346
0.028268
0.0281217
0.0279848
0.0278566
0.0277316
0.0276116
0.0274834
0.027367
0.0272541
0.027158
0.0270549
0.0269323
1.3168
0.48762
0.259615
0.213471
0.150284
0.122777
0.106789
0.0933634
0.0803133
0.0711538
0.0634472
0.0570835
0.0524199
0.0483709
0.045375
0.0427224
0.0403781
0.0384177
0.0367817
0.0353701
0.0342168
0.0332208
0.0323229
0.0315159
0.0308546
0.0302051
0.0296203
0.0290836
0.0285994
0.0281698
0.0277593
0.0273956
0.0270665
0.0267804
0.0265216
0.0262926
0.0260883
0.0259057
0.0257361
0.0255856
0.0254427
0.0253188
0.0251964
0.0250748
0.0249472
0.0248313
0.0247211
0.024626
0.024527
0.0244083
1.3769
0.472742
0.271532
0.215806
0.155514
0.122853
0.108535
0.0934124
0.081988
0.0717071
0.0636744
0.0574963
0.0521814
0.0481781
0.0448464
0.0420998
0.0396164
0.0375188
0.0357112
0.034144
0.0328097
0.0316475
0.0306576
0.0298456
0.0290461
0.028374
0.0277229
0.0271421
0.0266064
0.0261237
0.0256767
0.0252856
0.0249321
0.0246133
0.0243409
0.024104
0.0238819
0.0236864
0.0235056
0.0233487
0.0232026
0.0230688
0.0229414
0.0228164
0.0226853
0.0225672
0.0224555
0.0223609
0.022261
0.0221441
1.30462
0.490735
0.258131
0.213081
0.146527
0.123125
0.108348
0.0929932
0.0803932
0.0711978
0.0639247
0.0578397
0.0524078
0.0483968
0.0448895
0.0418868
0.039269
0.0370527
0.0351126
0.0334601
0.0319828
0.0307352
0.0296557
0.0286666
0.027777
0.0269685
0.0262617
0.0256046
0.0250105
0.0244666
0.0239851
0.023552
0.0231597
0.0228082
0.022491
0.022212
0.0219738
0.0217585
0.0215585
0.021386
0.0212278
0.021082
0.0209396
0.0208067
0.0206684
0.020543
0.020426
0.0203273
0.0202242
0.0201047
1.20654
0.488101
0.259973
0.203749
0.1443
0.123599
0.105474
0.0890712
0.0791121
0.0705543
0.0637324
0.0576454
0.052569
0.0484074
0.04485
0.0417715
0.039139
0.036863
0.0348413
0.03307
0.0315295
0.0301448
0.0289227
0.0278424
0.0268609
0.0259688
0.025176
0.0244634
0.0238104
0.0232016
0.0226463
0.022143
0.0216855
0.0212825
0.0209254
0.0206161
0.0203516
0.0201111
0.0198824
0.0196857
0.0195022
0.0193364
0.0191784
0.0190322
0.0188788
0.0187392
0.0186115
0.0185053
0.0183955
0.0182691
1.33816
0.47845
0.266352
0.198363
0.150474
0.124569
0.104349
0.0895182
0.0788256
0.0703611
0.0634558
0.0575476
0.0526142
0.0484678
0.0448872
0.0417898
0.0391005
0.036755
0.0346869
0.0328621
0.0312441
0.0297962
0.0285001
0.0273302
0.0262665
0.0253006
0.0244218
0.023617
0.0228814
0.0222114
0.0215924
0.021025
0.0205136
0.0200543
0.0196512
0.0192972
0.0189897
0.0187135
0.0184554
0.0182293
0.0180188
0.0178302
0.0176486
0.0174804
0.0173072
0.0171494
0.0170059
0.0168884
0.0167686
0.0166301
1.40983
0.46824
0.273885
0.195779
0.151677
0.12388
0.104143
0.0900145
0.0789903
0.0703371
0.0633137
0.0575064
0.0526405
0.048471
0.0448873
0.0417885
0.0390904
0.0367234
0.034636
0.0327816
0.0311214
0.0296171
0.0282594
0.0270295
0.0259033
0.0248689
0.0239226
0.0230449
0.0222432
0.0215013
0.0208144
0.0201844
0.0196127
0.0190983
0.018644
0.0182438
0.0178938
0.0175782
0.0172815
0.0170213
0.0167802
0.0165624
0.0163529
0.0161583
0.0159588
0.0157775
0.0156136
0.0154808
0.0153454
0.0151916
1.38517
0.45942
0.275188
0.195783
0.151728
0.123674
0.104225
0.0899328
0.0789898
0.0703393
0.0633111
0.0575078
0.052638
0.0484702
0.0448892
0.0417866
0.0390891
0.0367227
0.0346287
0.0327601
0.0310798
0.0295523
0.0281606
0.0268931
0.0257227
0.0246415
0.0236429
0.0227101
0.0218504
0.0210477
0.0203019
0.0196127
0.0189841
0.0184156
0.0179091
0.0174627
0.0170691
0.016712
0.0163739
0.016077
0.0157999
0.0155489
0.0153059
0.0150814
0.0148505
0.0146402
0.0144515
0.0142999
0.0141454
0.0139703
1.38537
0.460291
0.275165
0.195808
0.151727
0.123672
0.104223
0.0899327
0.0789898
0.0703371
0.0633121
0.0575093
0.0526406
0.0484716
0.0448875
0.0417878
0.0390895
0.0367233
0.034628
0.0327583
0.0310779
0.0295411
0.0281405
0.0268561
0.0256645
0.0245555
0.0235256
0.0225574
0.0216589
0.0208146
0.0200238
0.0192876
0.0186119
0.0179962
0.0174437
0.0169537
0.0165186
0.0161204
0.0157412
0.0154064
0.0150922
0.0148062
0.0145282
0.0142701
0.0140043
0.0137614
0.0135446
0.0133715
0.0131951
0.0129945
1.38535
0.460289
0.275168
0.19581
0.151727
0.123671
0.104224
0.089933
0.0789906
0.0703375
0.0633123
0.0575093
0.0526396
0.0484709
0.0448876
0.0417887
0.0390895
0.0367238
0.034628
0.0327581
0.0310777
0.0295413
0.0281402
0.0268544
0.0256597
0.0245444
0.0235041
0.0225211
0.0216035
0.0207351
0.0199168
0.0191511
0.0184447
0.017798
0.0172142
0.0166931
0.0162271
0.0157976
0.0153851
0.0150182
0.0146716
0.0143532
0.014041
0.013751
0.0134503
0.0131749
0.0129296
0.0127352
0.0125358
0.0123071
1.38534
0.460292
0.275167
0.195809
0.151727
0.123672
0.104224
0.0899337
0.07899
0.0703374
0.0633123
0.0575091
0.0526398
0.0484708
0.0448874
0.0417885
0.0390892
0.0367236
0.0346281
0.032758
0.0310775
0.0295414
0.0281405
0.0268544
0.0256599
0.0245445
0.0235041
0.0225209
0.021602
0.0207308
0.0199074
0.0191339
0.0184164
0.0177555
0.0171561
0.0166177
0.0161343
0.015686
0.0152541
0.0148677
0.0145012
0.0141622
0.0138283
0.0135161
0.01319
0.0128899
0.0126223
0.0124112
0.0121947
0.0119439
1.38535
0.460292
0.275168
0.195809
0.151727
0.123672
0.104224
0.0899335
0.0789899
0.0703374
0.0633123
0.0575091
0.0526396
0.0484709
0.0448874
0.0417885
0.0390892
0.0367236
0.034628
0.032758
0.0310777
0.0295414
0.0281404
0.0268544
0.0256599
0.0245447
0.0235041
0.0225209
0.0216019
0.0207308
0.0199075
0.019134
0.0184164
0.0177555
0.0171561
0.0166177
0.0161333
0.0156836
0.0152489
0.0148593
0.0144882
0.0141446
0.0138042
0.0134862
0.0131526
0.0128455
0.0125707
0.012353
0.0121291
0.0118695
1.38535
0.460292
0.275168
0.195809
0.151727
0.123672
0.104224
0.0899335
0.0789899
0.0703375
0.0633123
0.0575091
0.0526398
0.0484709
0.0448874
0.0417884
0.0390892
0.0367235
0.0346281
0.0327581
0.0310776
0.0295414
0.0281405
0.0268543
0.0256599
0.0245446
0.0235041
0.022521
0.021602
0.0207308
0.0199075
0.0191341
0.0184164
0.0177555
0.0171561
0.0166175
0.0161333
0.0156834
0.0152488
0.0148592
0.0144883
0.0141446
0.0138042
0.0134861
0.0131525
0.0128454
0.0125705
0.0123528
0.0121289
0.0118697
