1.73131
0.341911
0.199925
0.159078
0.143458
0.137286
0.1357
0.135654
0.136048
0.13642
0.136739
0.136997
0.137221
0.137417
0.137596
0.137769
0.13793
0.138088
0.13825
0.138489
0.13874
0.139003
0.139258
0.13953
0.139822
1.73132
0.341498
0.189671
0.140199
0.120783
0.111939
0.107512
0.105064
0.103488
0.102407
0.101701
0.101197
0.100846
0.100587
0.100393
0.100249
0.100148
0.100071
0.100013
0.0999724
0.0999482
0.0999427
0.0999513
0.0999896
0.100061
1.73134
0.341496
0.187669
0.133521
0.110347
0.0990007
0.0927401
0.0889291
0.0864541
0.0847766
0.0835805
0.0827102
0.0820599
0.0815631
0.0811785
0.0808827
0.0806499
0.080465
0.0803177
0.0801976
0.0801023
0.080035
0.07999
0.0799718
0.0799889
1.73093
0.341624
0.1872
0.130498
0.104751
0.0915326
0.0839969
0.0793419
0.0762961
0.0741998
0.0727222
0.0716291
0.0708128
0.0701914
0.0696949
0.0693087
0.068992
0.0687435
0.0685339
0.0683652
0.0682323
0.0681276
0.068046
0.0679953
0.0679793
1.83921
0.338616
0.187248
0.128933
0.100977
0.086453
0.0781342
0.0728519
0.0693538
0.0669251
0.0652068
0.0639371
0.0629951
0.0622957
0.0617162
0.0612489
0.0608701
0.0605644
0.0603296
0.0601316
0.0599633
0.0598186
0.0597194
0.0596384
0.0595954
0.946643
0.246003
0.161367
0.126254
0.092666
0.0780206
0.0709802
0.0653989
0.0615929
0.0586488
0.0571492
0.0566229
0.0560965
0.0555456
0.054968
0.0545535
0.0541882
0.0539603
0.0539516
0.0537692
0.0536137
0.053513
0.0534518
0.0533856
0.053343
0.334111
0.0844074
0.0778542
0.049241
0.0443843
0.0452563
0.0472316
0.0417529
0.0387248
0.0377098
0.0378704
0.0384639
0.039078
0.0395005
0.0422214
0.0445399
0.0445532
0.0446745
0.0452641
0.0456123
0.0473915
0.0477248
0.0479409
0.0482631
0.0483748
0.137566
0.0361189
0.0296587
0.0243815
0.0179756
0.0173556
0.0180446
0.0190189
0.0201458
0.0214202
0.0214901
0.0202982
0.0199059
0.0197237
0.0203268
0.0213662
0.0224662
0.0245113
0.027389
0.0310335
0.035796
0.0384592
0.0400318
0.0431367
0.0440981
0.0643223
0.0170374
0.0133464
0.0129449
0.00803963
0.00782038
0.00812905
0.00856197
0.00906419
0.00963909
0.0102926
0.0110411
0.0119071
0.0122679
0.0120085
0.0121376
0.0123511
0.0126834
0.0134724
0.0149661
0.0175612
0.0213282
0.0282007
0.0340944
0.0396909
0.0322293
0.00858153
0.00702444
0.0070724
0.00412859
0.00407607
0.00426458
0.00450201
0.00477041
0.00507322
0.00541715
0.00581113
0.0062669
0.00680026
0.00716282
0.00712175
0.00719768
0.0075024
0.00798827
0.00868459
0.00988798
0.0114704
0.0151705
0.0231473
0.0326637
0.0179595
0.00476882
0.00429271
0.00393017
0.00242025
0.00247524
0.00260435
0.00275096
0.0029152
0.00310029
0.00331048
0.00355124
0.00382977
0.00415571
0.00454229
0.00447194
0.00446999
0.00459063
0.00477329
0.00523878
0.00602032
0.00727466
0.00940707
0.0141524
0.0257746
0.0116815
0.00307359
0.00303015
0.00228633
0.00167023
0.00174525
0.00183829
0.00194186
0.00205779
0.00218844
0.00233681
0.00250676
0.00270337
0.00293344
0.00286208
0.00280791
0.00283109
0.00294623
0.00317902
0.00352409
0.00405162
0.00491147
0.00653764
0.00991885
0.0215853
0.00913123
0.00238509
0.002462
0.00151457
0.00135001
0.00141799
0.00149361
0.00157776
0.00167195
0.00177811
0.00189866
0.00203674
0.002096
0.0019374
0.00187267
0.00188599
0.00196213
0.00210082
0.00231305
0.002629
0.00310971
0.00385835
0.00517011
0.00805795
0.0182785
0.00845255
0.00220253
0.00229786
0.00125038
0.00125967
0.00132345
0.00139404
0.00147258
0.00156049
0.00165957
0.00177208
0.00158166
0.0014443
0.00140064
0.00141902
0.00148732
0.00160251
0.00176879
0.00199935
0.00232141
0.00278837
0.00351314
0.00476484
0.00747691
0.0156826
0.00905219
0.00235834
0.002462
0.00129211
0.00134965
0.00141799
0.00149361
0.00157776
0.00167195
0.00165042
0.00135282
0.00124215
0.001227
0.00126821
0.00134948
0.00146555
0.00161921
0.00181913
0.00208263
0.00244042
0.00295131
0.00373625
0.00509221
0.00800168
0.01419
0.0111412
0.00290257
0.00303015
0.00158476
0.00166111
0.00174521
0.00183829
0.00194186
0.0017148
0.00137156
0.00128516
0.00130422
0.001374
0.00147642
0.00160722
0.00176922
0.00197019
0.00222394
0.00255323
0.00299722
0.00362821
0.00459573
0.0062669
0.00984799
0.0142693
0.0157833
0.00411197
0.00429271
0.00224504
0.00235323
0.00247239
0.00260425
0.00218602
0.00168467
0.00161339
0.00167199
0.00177957
0.00191564
0.00207795
0.00227115
0.00250408
0.00279026
0.0031503
0.00361701
0.00424605
0.00513996
0.00651062
0.00842247
0.00993334
0.0167961
0.0258272
0.00672868
0.00702444
0.0036737
0.00385075
0.00404572
0.0036195
0.00251468
0.0024259
0.00254126
0.00270886
0.00290557
0.00313345
0.00340013
0.00371642
0.00409759
0.00456589
0.00515503
0.00591874
0.00694809
0.00734675
0.00804459
0.00919972
0.0124257
0.0201325
0.0490718
0.0127845
0.00867288
0.00698003
0.00731642
0.00768687
0.00460492
0.00431927
0.00453314
0.00481955
0.0051463
0.00552057
0.00595356
0.00646024
0.0070612
0.00778542
0.00821084
0.00797166
0.0080712
0.0085858
0.00933991
0.0107205
0.0140669
0.0184188
0.0208861
0.109048
0.02841
0.0154186
0.0155112
0.0162587
0.0110196
0.00911093
0.00950419
0.0100707
0.0107101
0.0114362
0.0122679
0.0132301
0.0120582
0.0112609
0.0111299
0.0113047
0.0118911
0.0128694
0.0149018
0.0177593
0.0179638
0.0183012
0.0198719
0.0200687
0.286252
0.0745761
0.0389977
0.0407169
0.0386683
0.0233075
0.0236202
0.0249462
0.0264356
0.0276285
0.02312
0.0205533
0.0194747
0.019593
0.0209086
0.0227095
0.0219407
0.0206518
0.0199913
0.0202849
0.0201835
0.0197472
0.0195624
0.0192034
0.0189449
0.899649
0.234382
0.122343
0.127967
0.0698787
0.070463
0.0636775
0.0484132
0.0432796
0.0425474
0.0375355
0.0333074
0.0301162
0.0280202
0.0260587
0.024476
0.0231656
0.0221931
0.0212114
0.0203807
0.0197179
0.0191141
0.018582
0.0181377
0.0177553
1.84396
0.317822
0.185838
0.126622
0.0968569
0.0760104
0.063634
0.0541065
0.0469959
0.0412928
0.036826
0.0332205
0.0302759
0.0278747
0.0258537
0.0241617
0.0227322
0.0215166
0.0204704
0.0195644
0.0187896
0.018111
0.0175209
0.0170167
0.0165907
1.74062
0.341173
0.187026
0.127726
0.0963223
0.0768885
0.0636779
0.054121
0.0468946
0.0412441
0.0367221
0.0330524
0.0300295
0.0275174
0.0254127
0.0236363
0.0221207
0.0208115
0.0196868
0.0187092
0.0178671
0.0171281
0.0164867
0.0159349
0.0154673
1.73151
0.3415
0.187091
0.127725
0.0963199
0.0768827
0.0636764
0.054117
0.0468865
0.0412164
0.0366583
0.0329313
0.0298352
0.0272508
0.0250653
0.0231992
0.0215901
0.020191
0.0189871
0.0179366
0.0170278
0.0162239
0.0155192
0.0149058
0.0143779
1.73132
0.341498
0.187089
0.127726
0.0963207
0.0768827
0.0636767
0.0541177
0.0468859
0.0412107
0.0366343
0.0328751
0.0297377
0.027096
0.0248324
0.0228822
0.0211909
0.0197143
0.0184266
0.0172861
0.0162812
0.015377
0.0145822
0.0138987
0.013305
1.73131
0.341498
0.187089
0.127726
0.0963202
0.0768826
0.0636765
0.0541175
0.0468859
0.0412107
0.0366343
0.0328712
0.0297169
0.0270432
0.0247404
0.0227368
0.0209707
0.0193935
0.0179902
0.0167416
0.0156563
0.0146865
0.0138245
0.0130979
0.0124936
1.73131
0.341498
0.187089
0.127726
0.0963204
0.0768825
0.0636767
0.0541177
0.0468859
0.0412107
0.0366343
0.0328712
0.029717
0.0270434
0.0247406
0.022737
0.0209708
0.0193936
0.01799
0.0167218
0.0155828
0.0145386
0.0135882
0.012732
0.0119678
