1.81327
0.3646
0.215011
0.175265
0.165397
0.161252
0.159554
0.159286
0.159146
0.159025
0.158919
0.158829
0.158761
0.158727
0.158713
0.15871
0.158707
0.158702
0.158689
0.158676
0.158675
0.158678
0.158684
0.158675
0.158677
1.81328
0.364051
0.20629
0.156015
0.136884
0.127541
0.122209
0.118939
0.116841
0.115366
0.114271
0.113448
0.112813
0.112317
0.111922
0.111587
0.111306
0.111079
0.110878
0.110708
0.110564
0.110441
0.110334
0.110235
0.110139
1.8133
0.364055
0.203868
0.148182
0.124178
0.111774
0.104515
0.099848
0.0966406
0.0943093
0.0925505
0.0911902
0.0901233
0.0892859
0.0886087
0.0880502
0.0875727
0.0871661
0.0868087
0.0864999
0.0862331
0.0860062
0.0858086
0.0856261
0.0854634
1.81375
0.364276
0.203264
0.144544
0.117549
0.103087
0.0944086
0.0887804
0.0849178
0.0821599
0.0801218
0.0785803
0.0773835
0.0764638
0.0757178
0.0751144
0.0746147
0.0741952
0.0738334
0.0735269
0.0732638
0.0730394
0.0728468
0.0726716
0.0725195
1.92058
0.364044
0.20281
0.142423
0.113362
0.0973506
0.0879291
0.0815934
0.0774865
0.0744651
0.072269
0.0705691
0.06928
0.0682874
0.0675063
0.0668957
0.0663434
0.0658872
0.0654939
0.0651741
0.0648834
0.0646418
0.0644303
0.0642406
0.0640715
1.01618
0.248029
0.167855
0.129875
0.102816
0.0846329
0.078543
0.0737953
0.0691702
0.0659106
0.0636735
0.0623337
0.0615559
0.0611407
0.0607053
0.0600109
0.0595383
0.0591718
0.0589393
0.0586647
0.058375
0.0581669
0.0579958
0.0578048
0.0576342
0.477297
0.0949762
0.0778542
0.0548593
0.0451818
0.0454548
0.0473937
0.0475962
0.0430408
0.0403501
0.0391724
0.0393038
0.0404699
0.0418902
0.043548
0.0466927
0.0491667
0.0492355
0.0495442
0.0503057
0.0512154
0.0520176
0.0521847
0.0524751
0.052482
0.218097
0.048298
0.0296587
0.0305953
0.0196426
0.0180342
0.0183488
0.0191131
0.020165
0.0214277
0.0228758
0.024536
0.0241245
0.0231234
0.0231048
0.0231202
0.0239523
0.0255751
0.0277558
0.0314584
0.0364054
0.0419221
0.0434367
0.0471633
0.0480963
0.0981435
0.025569
0.0133464
0.0139601
0.00953927
0.00819706
0.0082608
0.00861383
0.00909234
0.00965173
0.0102987
0.0110426
0.0119073
0.0129205
0.0141224
0.0149532
0.015009
0.0153201
0.01589
0.016827
0.0185833
0.0220002
0.028523
0.0372829
0.0435026
0.0516545
0.0134574
0.00702444
0.0073474
0.00501498
0.00427653
0.0043206
0.00452053
0.00477726
0.00507577
0.00541817
0.00581157
0.00626713
0.00680037
0.00743288
0.00819518
0.00913177
0.00972112
0.00996976
0.0103877
0.0113386
0.0129837
0.0158978
0.0233237
0.0353322
0.0315666
0.00822394
0.00429271
0.00449008
0.00286504
0.00254306
0.0026172
0.00275411
0.00291599
0.00310047
0.00331055
0.00355124
0.00382977
0.00415571
0.00454229
0.00500817
0.00558053
0.0063006
0.00667246
0.0069345
0.00744112
0.0083839
0.0103378
0.014637
0.02889
0.0222823
0.00543093
0.00303015
0.00316947
0.00184502
0.00176029
0.00183987
0.00194194
0.00205779
0.00218844
0.00233681
0.00250676
0.00270337
0.00293344
0.00320632
0.00353518
0.0039392
0.00444713
0.0045265
0.00474448
0.00509193
0.00585919
0.00720332
0.0104598
0.0230119
0.0181044
0.00350119
0.002462
0.00257519
0.00140088
0.00141933
0.00149363
0.00157776
0.00167195
0.00177811
0.00189866
0.00203674
0.00219649
0.00238342
0.00260514
0.00287233
0.00311401
0.00311867
0.00320402
0.00340152
0.00380243
0.00446849
0.00565751
0.00833603
0.0186826
0.0168974
0.00260773
0.00229786
0.00203668
0.0012679
0.00132345
0.00139404
0.00147258
0.00156049
0.00165957
0.00177208
0.00190096
0.00205006
0.00222453
0.00239128
0.00230284
0.00229333
0.00235512
0.0025062
0.00275622
0.0031466
0.00382527
0.00500491
0.00759669
0.0174261
0.0157962
0.0024634
0.002462
0.00160528
0.00134982
0.00141799
0.00149361
0.00157776
0.00167195
0.00177811
0.00189866
0.00203674
0.00215239
0.00195738
0.00188018
0.00187325
0.00194898
0.00208971
0.00230384
0.00262624
0.00309888
0.00385521
0.00517638
0.00803174
0.0174997
0.0136578
0.00291097
0.00303015
0.0016709
0.00166111
0.00174521
0.00183829
0.00194186
0.00205779
0.00218844
0.00233681
0.00199519
0.00183518
0.00179806
0.00183196
0.00193167
0.00208682
0.00231334
0.00262189
0.00305077
0.00366286
0.00462371
0.00627575
0.0098489
0.0167972
0.0163389
0.00411197
0.00429271
0.00225192
0.00235323
0.00247239
0.00260425
0.00275096
0.0029152
0.00257193
0.00219773
0.0020762
0.00208848
0.00218043
0.00232816
0.00253576
0.0028089
0.00316191
0.00362446
0.00425023
0.00514267
0.00651065
0.00887811
0.0136995
0.0184929
0.0258459
0.00672868
0.00702444
0.0036737
0.00385075
0.00404572
0.00426149
0.00450158
0.0034225
0.00296703
0.00288491
0.00297553
0.00316063
0.00340826
0.00371859
0.0040982
0.00456604
0.00515503
0.00591874
0.00694809
0.00841084
0.0106537
0.0126558
0.0146385
0.0244728
0.0490718
0.0127845
0.0133464
0.00698003
0.00731642
0.00768687
0.00809684
0.00564478
0.00491965
0.00490773
0.00516243
0.00552123
0.00595356
0.00646024
0.0070612
0.00778542
0.00867518
0.00979456
0.0112456
0.0124502
0.0126675
0.0136846
0.0154794
0.0217865
0.0255307
0.109048
0.02841
0.0276407
0.0155112
0.0162587
0.0170819
0.0115419
0.00991706
0.010096
0.0107101
0.0114362
0.0122679
0.0132301
0.0143561
0.0156915
0.0160126
0.0154825
0.0151177
0.0156933
0.0164387
0.0184994
0.0225168
0.0234027
0.0246352
0.0250794
0.286252
0.0745761
0.0446424
0.0407169
0.0426791
0.0283496
0.0241205
0.0249537
0.0264356
0.028114
0.0300201
0.0281812
0.0251149
0.0239289
0.0231743
0.0238632
0.0255407
0.0281331
0.026612
0.0254932
0.0251578
0.0254979
0.0249347
0.0246168
0.0241983
0.899649
0.234382
0.123008
0.127967
0.0797212
0.0707135
0.074221
0.0612558
0.05023
0.0459764
0.0471751
0.0430171
0.0390552
0.0357225
0.0336291
0.0320977
0.0304595
0.02902
0.0278443
0.026918
0.0259782
0.0251986
0.0244996
0.0238638
0.0232986
1.94687
0.343963
0.209615
0.138886
0.109848
0.0869344
0.0743108
0.0643179
0.0566983
0.050812
0.0459927
0.0421575
0.038931
0.0362153
0.0339178
0.0319858
0.0302969
0.0288317
0.02755
0.0264281
0.0254301
0.0245544
0.0237811
0.0230811
0.0224715
1.79057
0.365256
0.202992
0.141116
0.108395
0.0880576
0.0742806
0.0642959
0.0567322
0.0507972
0.0460233
0.0421036
0.0388395
0.036086
0.0337459
0.0317359
0.0299923
0.028475
0.0271378
0.0259524
0.0249001
0.0239674
0.0231366
0.0223829
0.0217238
1.81327
0.364042
0.203046
0.141117
0.108338
0.0880605
0.0742777
0.0642978
0.0567299
0.0507972
0.046017
0.0420807
0.0387933
0.0360094
0.0336363
0.0315903
0.0298016
0.0282311
0.0268312
0.0255811
0.0244618
0.023466
0.022578
0.0217687
0.02106
1.81326
0.364052
0.203041
0.141118
0.108338
0.0880602
0.0742773
0.064298
0.0567305
0.0507969
0.0460174
0.0420813
0.0387932
0.0360037
0.0336129
0.0315347
0.0297046
0.0280871
0.0266354
0.0253298
0.0241604
0.0231173
0.0221895
0.0213514
0.0206162
1.81327
0.364051
0.203041
0.141118
0.108338
0.0880601
0.0742773
0.0642976
0.0567305
0.0507969
0.0460175
0.0420811
0.0387931
0.0360036
0.0336128
0.0315345
0.0297046
0.028087
0.0266352
0.0253286
0.0241481
0.0230856
0.0221242
0.021237
0.0204484
1.81327
0.364051
0.203041
0.141118
0.108339
0.0880603
0.0742775
0.0642978
0.0567304
0.050797
0.0460174
0.0420812
0.0387932
0.0360038
0.0336129
0.0315347
0.0297048
0.0280871
0.0266352
0.0253287
0.0241482
0.0230857
0.0221244
0.0212371
0.0204486
