4.83562
2.47267
2.20165
2.08969
2.01194
1.94666
1.89595
1.83029
1.72376
1.6399
1.56437
1.47595
1.3887
1.30535
1.2256
1.17025
1.12061
1.06207
1.00295
0.981277
0.966214
0.948336
0.933982
0.9301
0.939454
4.56309
2.32938
2.06773
1.96096
1.88449
1.82165
1.7727
1.70849
1.60327
1.52071
1.44646
1.35892
1.27326
1.19255
1.1171
1.06563
1.01914
0.964807
0.909898
0.889796
0.875893
0.859406
0.846491
0.836307
0.834135
4.33415
2.23182
1.98223
1.8813
1.8064
1.74613
1.69868
1.63589
1.53219
1.45104
1.37818
1.29161
1.20716
1.12876
1.05659
1.00858
0.965192
0.914738
0.863991
0.845468
0.832678
0.817212
0.804529
0.79472
0.789629
4.12826
2.13209
1.90561
1.83419
1.76712
1.70675
1.64493
1.5706
1.46335
1.3852
1.31496
1.23076
1.14663
1.06881
0.999265
0.954091
0.913968
0.867042
0.820388
0.803544
0.792003
0.777815
0.766099
0.756513
0.750861
3.67203
1.79693
1.87592
1.87111
1.8076
1.7631
1.72232
1.67041
1.4263
1.27372
1.20451
1.11748
1.04004
0.986316
0.930696
0.885208
0.846258
0.81211
0.784208
0.768665
0.757266
0.74032
0.72901
0.719713
0.714111
2.65234
1.54633
1.46962
1.41409
1.39153
1.33039
1.313
1.21321
1.02676
0.959959
0.920853
0.873143
0.873188
0.947502
1.03441
0.991954
0.916523
0.771055
0.716516
0.684571
0.684339
0.674845
0.672608
0.688064
0.678523
2.03124
1.15904
1.10431
1.04204
0.956168
0.926498
1.00175
1.0133
0.904031
0.876998
0.836789
0.833692
0.759787
0.669308
0.620428
0.612279
0.572574
0.496604
0.524795
0.616064
0.745761
0.798384
0.625809
0.619808
0.640607
1.73244
0.97749
0.750716
0.8443
0.849616
0.68194
0.575775
0.608213
0.485543
0.428604
0.375731
0.392574
0.423364
0.415447
0.310684
0.2769
0.308451
0.237894
0.208773
0.234727
0.2841
0.35986
0.490718
0.765962
0.586471
1.51027
0.761343
0.501976
0.446722
0.468251
0.24598
0.259099
0.273696
0.290036
0.161572
0.164681
0.176658
0.190514
0.201105
0.113004
0.124567
0.138803
0.156713
0.0934481
0.105611
0.127845
0.161937
0.220823
0.347007
0.639873
1.23942
0.430635
0.224782
0.235117
0.246448
0.129463
0.136368
0.144051
0.152651
0.0811713
0.0866745
0.0929781
0.10027
0.063661
0.0594627
0.0655615
0.0730542
0.0824805
0.0473551
0.0555847
0.0672868
0.0852299
0.116223
0.182635
0.426149
1.01013
0.263166
0.137367
0.143683
0.150607
0.0791163
0.0833359
0.0880309
0.0466432
0.0496047
0.0529677
0.0568199
0.0445525
0.0332457
0.0363383
0.0400653
0.0446442
0.0504048
0.0289361
0.0339684
0.0411197
0.0520849
0.0710249
0.111611
0.260425
0.713034
0.185764
0.0969648
0.101423
0.0531554
0.0558468
0.0588253
0.0621394
0.0329246
0.0350151
0.037389
0.0401082
0.021627
0.0234676
0.0256506
0.0282814
0.0315136
0.0355798
0.0204255
0.0239777
0.0290257
0.0367658
0.0501352
0.0787839
0.183829
0.57934
0.150933
0.0787839
0.0824062
0.0431888
0.0453756
0.0477956
0.0281077
0.0267513
0.0284498
0.0303785
0.0164871
0.0175719
0.0190674
0.0208411
0.0229786
0.0256048
0.0289086
0.0165957
0.0194819
0.0235833
0.0298722
0.0407349
0.0640119
0.149361
0.540718
0.140871
0.0735317
0.0769124
0.0403095
0.0423505
0.0446092
0.0235612
0.0249678
0.0265531
0.0283533
0.0152077
0.0164004
0.0177962
0.0194517
0.0214467
0.0238978
0.0269814
0.0154893
0.0181831
0.0220111
0.0278808
0.0380192
0.0597445
0.139404
0.57934
0.150933
0.0787839
0.0734479
0.0431888
0.0453756
0.0477956
0.0252441
0.0267513
0.0284498
0.0303785
0.0162939
0.0175719
0.0190674
0.0208411
0.0229786
0.0256048
0.0289086
0.0165957
0.0194819
0.0235833
0.0298722
0.0407349
0.0640119
0.149361
0.713034
0.0928821
0.0969648
0.0507115
0.0531554
0.0558468
0.0294127
0.0310697
0.0329246
0.0350151
0.037389
0.0200541
0.021627
0.0234676
0.0256506
0.0282814
0.0315136
0.0355798
0.0204255
0.0239777
0.0290257
0.0367658
0.0501352
0.0787839
0.183829
0.908521
0.131583
0.137367
0.0718413
0.0753035
0.0791163
0.0416679
0.0440154
0.0466432
0.0496047
0.0529677
0.02841
0.0306382
0.0332457
0.0363383
0.0400653
0.0446442
0.0504048
0.0289361
0.0339684
0.0411197
0.0520849
0.0710249
0.111611
0.260425
0.826472
0.215318
0.224782
0.117558
0.123224
0.129463
0.0681839
0.0720253
0.0763253
0.0811713
0.0761968
0.046489
0.0501352
0.054402
0.0594627
0.0655615
0.0730542
0.0726166
0.0473499
0.0555847
0.0672868
0.0852299
0.116223
0.182635
0.212433
1.20894
0.409103
0.265819
0.223361
0.234125
0.169472
0.129549
0.136848
0.145018
0.154226
0.087221
0.0883292
0.0952569
0.103364
0.112979
0.124567
0.119047
0.0956261
0.0899649
0.105611
0.127845
0.161937
0.220823
0.209393
0.185947
1.53315
0.783262
0.47454
0.496358
0.520279
0.273311
0.287888
0.304107
0.262384
0.240726
0.182979
0.196287
0.211682
0.229698
0.250433
0.190676
0.184265
0.181715
0.199922
0.197785
0.169655
0.159753
0.161242
0.162516
0.177563
1.65687
0.807789
0.824728
0.649936
0.743526
0.717441
0.755705
0.627708
0.455601
0.470339
0.480321
0.464668
0.381856
0.394274
0.359462
0.350794
0.308481
0.225943
0.176594
0.161541
0.151465
0.145381
0.14541
0.148668
0.153749
1.91052
1.10596
0.996465
0.96228
0.922256
0.886921
0.847843
0.837324
0.786425
0.767042
0.740232
0.650509
0.536892
0.468745
0.44016
0.375916
0.327292
0.274226
0.206556
0.186083
0.165471
0.149208
0.137739
0.132759
0.136041
2.27577
1.2095
1.0741
1.01859
0.97432
0.951764
0.927509
0.880355
0.788738
0.736673
0.692275
0.618688
0.55316
0.483014
0.427276
0.377156
0.326639
0.268908
0.208952
0.184863
0.165716
0.147718
0.134104
0.125695
0.123413
2.26842
1.22841
1.09254
1.03274
0.99117
0.960291
0.930447
0.882075
0.799616
0.741355
0.688981
0.617636
0.54831
0.484627
0.427603
0.377934
0.327823
0.268787
0.208705
0.184647
0.165745
0.147705
0.134102
0.12478
0.117094
2.23351
1.21114
1.07739
1.02395
0.980613
0.948706
0.92175
0.876065
0.794082
0.735633
0.685713
0.614881
0.546499
0.483421
0.427413
0.378009
0.32779
0.268782
0.208706
0.184646
0.165745
0.147705
0.134102
0.12478
0.117012
2.19894
1.19145
1.06016
1.01099
0.968751
0.938475
0.913486
0.869811
0.788444
0.730939
0.682297
0.612194
0.544552
0.482289
0.427048
0.378012
0.327791
0.26878
0.208706
0.184646
0.165746
0.147705
0.134102
0.124779
0.117012
2.16983
1.17101
1.04171
0.996711
0.956876
0.927757
0.904856
0.863355
0.78257
0.726108
0.678899
0.609412
0.542438
0.480989
0.426625
0.378011
0.327791
0.26878
0.208706
0.184646
0.165746
0.147705
0.134102
0.124779
0.117011
2.14419
1.14896
1.02276
0.980965
0.944136
0.916123
0.895975
0.85661
0.776397
0.721058
0.67545
0.606488
0.540132
0.479468
0.426132
0.378011
0.327791
0.26878
0.208706
0.184646
0.165746
0.147705
0.134102
0.124779
0.117012
